0.085714,88.831367
0.085737,91.582741
0.085760,93.928612
0.085782,95.884605
0.085805,97.469666
0.085828,98.705620
0.085850,99.616608
0.085873,100.228355
0.085896,100.567764
0.085918,100.662209
0.085941,100.539093
0.085964,100.225281
0.085986,99.746765
0.086009,99.128166
0.086032,98.392586
0.086054,97.561218
0.086077,96.653290
0.086100,95.685898
0.086122,94.674080
0.086145,93.630714
0.086168,92.566711
0.086190,91.491074
0.086213,90.411064
0.086236,89.332481
0.086259,88.259712
0.086281,87.196075
0.086304,86.143944
0.086327,85.104965
0.086349,84.080193
0.086372,83.070312
0.086395,82.075668
0.086417,81.096352
0.086440,80.132278
0.086463,79.183205
0.086485,78.248650
0.086508,77.327873
0.086531,76.419777
0.086553,75.522926
0.086576,74.635216
0.086599,73.754028
0.086621,72.875961
0.086644,71.996849
0.086667,71.111519
0.086689,70.214035
0.086712,69.297424
0.086735,68.353874
0.086757,67.374748
0.086780,66.350624
0.086803,65.271591
0.086825,64.127289
0.086848,62.907204
0.086871,61.600895
0.086893,60.198269
0.086916,58.689819
0.086939,57.066990
0.086961,55.322388
0.086984,53.450077
0.087007,51.445866
0.087029,49.307461
0.087052,47.034706
0.087075,44.629704
0.087098,42.096878
0.087120,39.443066
0.087143,36.677425
0.087166,33.811420
0.087188,30.858641
0.087211,27.834627
0.087234,24.756618
0.087256,21.643297
0.087279,18.514423
0.087302,15.390526
0.087324,12.292496
0.087347,9.241230
0.087370,6.257249
0.087392,3.360316
0.087415,0.569107
0.087438,-2.099124
0.087460,-4.628834
0.087483,-7.006399
0.087506,-9.220335
0.087528,-11.261419
0.087551,-13.122767
0.087574,-14.799858
0.087596,-16.290504
0.087619,-17.594776
0.087642,-18.714840
0.087664,-19.654810
0.087687,-20.420528
0.087710,-21.019297
0.087732,-21.459661
0.087755,-21.751102
0.087778,-21.903757
0.087800,-21.928164
0.087823,-21.834991
0.087846,-21.634792
0.087868,-21.337791
0.087891,-20.953712
0.087914,-20.491608
0.087937,-19.959757
0.087959,-19.365595
0.087982,-18.715672
0.088005,-18.015642
0.088027,-17.270304
0.088050,-16.483681
0.088073,-15.659060
0.088095,-14.799150
0.088118,-13.906150
0.088141,-12.981920
0.088163,-12.028067
0.088186,-11.046091
0.088209,-10.037494
0.088231,-9.003860
0.088254,-7.946959
0.088277,-6.868788
0.088299,-5.771614
0.088322,-4.657989
0.088345,-3.530745
0.088367,-2.392961
0.088390,-1.247925
0.088413,-0.099070
0.088435,1.050090
0.088458,2.196033
0.088481,3.335306
0.088503,4.464592
0.088526,5.580774
0.088549,6.680973
0.088571,7.762589
0.088594,8.823307
0.088617,9.861083
0.088639,10.874113
0.088662,11.860783
0.088685,12.819590
0.088707,13.749037
0.088730,14.647540
0.088753,15.513302
0.088776,16.344183
0.088798,17.137573
0.088821,17.890287
0.088844,18.598448
0.088866,19.257389
0.088889,19.861603
0.088912,20.404694
0.088934,20.879393
0.088957,21.277546
0.088980,21.590227
0.089002,21.807833
0.089025,21.920193
0.089048,21.916815
0.089070,21.787024
0.089093,21.520239
0.089116,21.106239
0.089138,20.535410
0.089161,19.799028
0.089184,18.889553
0.089206,17.800869
0.089229,16.528559
0.089252,15.070099
0.089274,13.425051
0.089297,11.595204
0.089320,9.584675
0.089342,7.399940
0.089365,5.049814
0.089388,2.545416
0.089410,-0.100000
0.089433,-2.871202
0.089456,-5.751204
0.089478,-8.721565
0.089501,-11.762682
0.089524,-14.854138
0.089546,-17.975073
0.089569,-21.104567
0.089592,-24.222004
0.089615,-27.307465
0.089637,-30.342060
0.089660,-33.308273
0.089683,-36.190273
0.089705,-38.974079
0.089728,-41.647888
0.089751,-44.202118
0.089773,-46.629539
0.089796,-48.925301
0.089819,-51.086906
0.089841,-53.114140
0.089864,-55.008926
0.089887,-56.775173
0.089909,-58.418507
0.089932,-59.946075
0.089955,-61.366291
0.089977,-62.688496
0.090000,-63.922699
0.090023,-65.079308
0.090045,-66.168854
0.090068,-67.201698
0.090091,-68.187912
0.090113,-69.136955
0.090136,-70.057625
0.090159,-70.957886
0.090181,-71.844841
0.090204,-72.724663
0.090227,-73.602577
0.090249,-74.482956
0.090272,-75.369324
0.090295,-76.264450
0.090317,-77.170486
0.090340,-78.088989
0.090363,-79.021126
0.090385,-79.967651
0.090408,-80.929108
0.090431,-81.905777
0.090454,-82.897797
0.090476,-83.905060
0.090499,-84.927307
0.090522,-85.963890
0.090544,-87.013855
0.090567,-88.075661
0.090590,-89.147072
0.090612,-90.224922
0.090635,-91.305061
0.090658,-92.381927
0.090680,-93.448532
0.090703,-94.496178
0.090726,-95.514305
0.090748,-96.490349
0.090771,-97.409683
0.090794,-98.255562
0.090816,-99.009117
0.090839,-99.649467
0.090862,-100.153854
0.090884,-100.497871
0.090907,-100.655762
0.090930,-100.600746
0.090952,-100.305511
0.090975,-99.742638
0.090998,-98.885117
0.091020,-97.706940
0.091043,-96.183670
0.091066,-94.293060
0.091088,-92.015587
0.091111,-89.335060
0.091134,-86.239128
0.091156,-82.719742
0.091179,-78.773621
0.091202,-74.402496
0.091224,-69.613419
0.091247,-64.418854
0.091270,-58.836750
0.091293,-52.890419
0.091315,-46.608395
0.091338,-40.024090
0.091361,-33.175419
0.091383,-26.104280
0.091406,-18.855986
0.091429,-11.478568
0.091451,-4.022077
0.091474,3.462206
0.091497,10.922563
0.091519,18.307650
0.091542,25.567307
0.091565,32.653309
0.091587,39.520130
0.091610,46.125591
0.091633,52.431458
0.091655,58.403954
0.091678,64.014198
0.091701,69.238457
0.091723,74.058380
0.091746,78.461105
0.091769,82.439163
0.091791,85.990433
0.091814,89.117836
0.091837,91.829086
0.091859,94.136215
0.091882,96.055145
0.091905,97.605156
0.091927,98.808342
0.091950,99.688988
0.091973,100.272995
0.091995,100.587303
0.092018,100.659348
0.092041,100.516457
0.092063,100.185463
0.092086,99.692223
0.092109,99.061241
0.092132,98.315414
0.092154,97.475761
0.092177,96.561317
0.092200,95.588974
0.092222,94.573540
0.092245,93.527718
0.092268,92.462219
0.092290,91.385864
0.092313,90.305763
0.092336,89.227562
0.092358,88.155556
0.092381,87.092957
0.092404,86.042046
0.092426,85.004402
0.092449,83.981064
0.092472,82.972664
0.092494,81.979492
0.092517,81.001678
0.092540,80.039093
0.092562,79.091454
0.092585,78.158272
0.092608,77.238785
0.092630,76.331871
0.092653,75.435997
0.092676,74.549057
0.092698,73.668343
0.092721,72.790382
0.092744,71.910881
0.092766,71.024658
0.092789,70.125610
0.092812,69.206741
0.092834,68.260117
0.092857,67.277023
0.092880,66.248001
0.092902,65.163055
0.092925,64.011833
0.092948,62.783787
0.092971,61.468533
0.092993,60.055988
0.093016,58.536747
0.093039,56.902348
0.093061,55.145527
0.093084,53.260513
0.093107,51.243286
0.093129,49.091747
0.093152,46.805977
0.093175,44.388271
0.093197,41.843315
0.093220,39.178150
0.093243,36.402187
0.093265,33.527092
0.093288,30.566654
0.093311,27.536587
0.093333,24.454294
0.093356,21.338575
0.093379,18.209274
0.093401,15.086974
0.093424,11.992588
0.093447,8.946993
0.093469,5.970642
0.093492,3.083220
0.093515,0.303269
0.093537,-2.352117
0.093560,-4.867555
0.093583,-7.229635
0.093605,-9.427087
0.093628,-11.450910
0.093651,-13.294450
0.093673,-14.953423
0.093696,-16.425858
0.093719,-17.712040
0.093741,-18.814335
0.093764,-19.737032
0.093787,-20.486130
0.093810,-21.069061
0.093832,-21.494474
0.093855,-21.771927
0.093878,-21.911610
0.093900,-21.924086
0.093923,-21.820013
0.093946,-21.609932
0.093968,-21.304022
0.093991,-20.911947
0.094014,-20.442692
0.094036,-19.904455
0.094059,-19.304585
0.094082,-18.649538
0.094104,-17.944891
0.094127,-17.195364
0.094150,-16.404902
0.094172,-15.576730
0.094195,-14.713500
0.094218,-13.817382
0.094240,-12.890192
0.094263,-11.933533
0.094286,-10.948895
0.094308,-9.937782
0.094331,-8.901801
0.094354,-7.842735
0.094376,-6.762605
0.094399,-5.663710
0.094422,-4.548629
0.094444,-3.420217
0.094467,-2.281579
0.094490,-1.136017
0.094512,0.013023
0.094535,1.162023
0.094558,2.307466
0.094581,3.445908
0.094603,4.574051
0.094626,5.688796
0.094649,6.787293
0.094671,7.866969
0.094694,8.925534
0.094717,9.960974
0.094739,10.971502
0.094762,11.955522
0.094785,12.911531
0.094807,13.838035
0.094830,14.733430
0.094853,15.595893
0.094875,16.423237
0.094898,17.212812
0.094921,17.961367
0.094943,18.664946
0.094966,19.318806
0.094989,19.917356
0.095011,20.454119
0.095034,20.921717
0.095057,21.311943
0.095079,21.615788
0.095102,21.823584
0.095125,21.925129
0.095147,21.909891
0.095170,21.767206
0.095193,21.486511
0.095215,21.057631
0.095238,20.471025
0.095261,19.718077
0.095283,18.791370
0.095306,17.684952
0.095329,16.394567
0.095351,14.917896
0.095374,13.254714
0.095397,11.407033
0.095420,9.379194
0.095442,7.177902
0.095465,4.812213
0.095488,2.293450
0.095510,-0.364934
0.095533,-3.147516
0.095556,-6.037161
0.095578,-9.015301
0.095601,-12.062234
0.095624,-15.157482
0.095646,-18.280174
0.095669,-21.409393
0.095692,-24.524572
0.095714,-27.605883
0.095737,-30.634563
0.095760,-33.593231
0.095782,-36.466225
0.095805,-39.239799
0.095828,-41.902332
0.095850,-44.444477
0.095873,-46.859230
0.095896,-49.141987
0.095918,-51.290462
0.095941,-53.304672
0.095964,-55.186733
0.095986,-56.940708
0.096009,-58.572414
0.096032,-60.089138
0.096054,-61.499371
0.096077,-62.812542
0.096100,-64.038719
0.096122,-65.188339
0.096145,-66.271904
0.096168,-67.299759
0.096190,-68.281937
0.096213,-69.227829
0.096236,-70.146172
0.096259,-71.044853
0.096281,-71.930847
0.096304,-72.810265
0.096327,-73.688248
0.096349,-74.569061
0.096372,-75.456184
0.096395,-76.352280
0.096417,-77.259468
0.096440,-78.179260
0.096463,-79.112762
0.096485,-80.060730
0.096508,-81.023666
0.096531,-82.001831
0.096553,-82.995354
0.096576,-84.004097
0.096599,-85.027748
0.096621,-86.065704
0.096644,-87.116905
0.096667,-88.179756
0.096689,-89.251930
0.096712,-90.330231
0.096735,-91.410301
0.096757,-92.486519
0.096780,-93.551682
0.096803,-94.596931
0.096825,-95.611526
0.096848,-96.582726
0.096871,-97.495674
0.096893,-98.333420
0.096916,-99.076897
0.096939,-99.705017
0.096961,-100.194862
0.096984,-100.521873
0.097007,-100.660194
0.097029,-100.582962
0.097052,-100.262848
0.097075,-99.672409
0.097098,-98.784744
0.097120,-97.573967
0.097143,-96.015816
0.097166,-94.088310
0.097188,-91.772179
0.097211,-89.051628
0.097234,-85.914688
0.097256,-82.353767
0.097279,-78.366035
0.097302,-73.953773
0.097324,-69.124504
0.097347,-63.891289
0.097370,-58.272552
0.097392,-52.292160
0.097415,-45.979115
0.097438,-39.367294
0.097460,-32.495026
0.097483,-25.404573
0.097506,-18.141539
0.097528,-10.754183
0.097551,-3.292712
0.097574,4.191514
0.097596,11.646779
0.097619,19.021818
0.097642,26.266626
0.097664,33.333210
0.097687,40.176338
0.097710,46.754204
0.097732,53.028973
0.097755,58.967350
0.097778,64.540901
0.097800,69.726463
0.097823,74.506195
0.097846,78.867744
0.097868,82.804207
0.097891,86.313934
0.097914,89.400345
0.097937,92.071594
0.097959,94.340103
0.097982,96.222168
0.098005,97.737358
0.098027,98.908005
0.098050,99.758553
0.098073,100.315063
0.098095,100.604553
0.098118,100.654434
0.098141,100.492043
0.098163,100.144096
0.098186,99.636383
0.098209,98.993217
0.098231,98.237350
0.098254,97.389595
0.098277,96.468796
0.098299,95.491646
0.098322,94.472733
0.098345,93.424553
0.098367,92.357597
0.098390,91.280602
0.098413,90.200470
0.098435,89.122711
0.098458,88.051498
0.098481,86.989937
0.098503,85.940269
0.098526,84.903976
0.098549,83.882072
0.098571,82.875160
0.098594,81.883492
0.098617,80.907158
0.098639,79.946045
0.098662,78.999840
0.098685,78.068039
0.098707,77.149826
0.098730,76.244064
0.098753,75.349152
0.098776,74.462959
0.098798,73.582680
0.098821,72.704758
0.098844,71.824844
0.098866,70.937660
0.098889,70.037018
0.098912,69.115799
0.098934,68.166008
0.098957,67.178864
0.098980,66.144844
0.099002,65.053894
0.099025,63.895641
0.099048,62.659554
0.099070,61.335239
0.099093,59.912693
0.099116,58.382584
0.099138,56.736542
0.099161,54.967445
0.099184,53.069695
0.099206,51.039421
0.099229,48.874767
0.099252,46.575985
0.099274,44.145630
0.099297,41.588604
0.099320,38.912193
0.099342,36.126011
0.099365,33.241955
0.099388,30.274002
0.099410,27.238052
0.099433,24.151655
0.099456,21.033724
0.099478,17.904192
0.099501,14.783689
0.099524,11.693146
0.099546,8.653410
0.099569,5.684884
0.099592,2.807143
0.099615,0.038615
0.099637,-2.603770
0.099660,-5.104815
0.099683,-7.451305
0.099705,-9.632184
0.099728,-11.638684
0.099751,-13.464377
0.099773,-15.105211
0.099796,-16.559443
0.099819,-17.827555
0.099841,-18.912121
0.099864,-19.817604
0.099887,-20.550142
0.099909,-21.117321
0.099932,-21.527878
0.099955,-21.791441
0.099977,-21.918251
0.100000,-21.918888
0.100023,-21.804022
0.100045,-21.584162
0.100068,-21.269434
0.100091,-20.869452
0.100113,-20.393120
0.100136,-19.848564
0.100159,-19.243042
0.100181,-18.582928
0.100204,-17.873714
0.100227,-17.120035
0.100249,-16.325762
0.100272,-15.494066
0.100295,-14.627539
0.100317,-13.728313
0.100340,-12.798186
0.100363,-11.838734
0.100385,-10.851447
0.100408,-9.837835
0.100431,-8.799522
0.100454,-7.738307
0.100476,-6.656244
0.100499,-5.555653
0.100522,-4.439142
0.100544,-3.309593
0.100567,-2.170131
0.100590,-1.024077
0.100612,0.125115
0.100635,1.273922
0.100658,2.418832
0.100680,3.556413
0.100703,4.683383
0.100726,5.796664
0.100748,6.893435
0.100771,7.971148
0.100794,9.027543
0.100816,10.060627
0.100839,11.068642
0.100862,12.049994
0.100884,13.003192
0.100907,13.926735
0.100930,14.819007
0.100952,15.678145
0.100975,16.501932
0.100998,17.287664
0.101020,18.032019
0.101043,18.730972
0.101066,19.379700
0.101088,19.972525
0.101111,20.502878
0.101134,20.963312
0.101156,21.345518
0.101179,21.640432
0.101202,21.838331
0.101224,21.928959
0.101247,21.901758
0.101270,21.746075
0.101293,21.451374
0.101315,21.007521
0.101338,20.405056
0.101361,19.635473
0.101383,18.691481
0.101406,17.567282
0.101429,16.258804
0.101451,14.763920
0.101474,13.082623
0.101497,11.217145
0.101519,9.172060
0.101542,6.954307
0.101565,4.573157
0.101587,2.040152
0.101610,-0.631049
0.101633,-3.424847
0.101655,-6.323962
0.101678,-9.309690
0.101701,-12.362245
0.101723,-15.461093
0.101746,-18.585335
0.101769,-21.714081
0.101791,-24.826818
0.101814,-27.903803
0.101837,-30.926392
0.101859,-33.877369
0.101882,-36.741245
0.101905,-39.504471
0.101927,-42.155632
0.101950,-44.685627
0.101973,-47.087677
0.101995,-49.357403
0.102018,-51.492744
0.102041,-53.493942
0.102063,-55.363308
0.102086,-57.105080
0.102109,-58.725235
0.102132,-60.231186
0.102154,-61.631527
0.102177,-62.935768
0.102200,-64.154007
0.102222,-65.296722
0.102245,-66.374405
0.102268,-67.397392
0.102290,-68.375610
0.102313,-69.318459
0.102336,-70.234535
0.102358,-71.131676
0.102381,-72.016792
0.102404,-72.895874
0.102426,-73.773949
0.102449,-74.655243
0.102472,-75.543114
0.102494,-76.440224
0.102517,-77.348579
0.102540,-78.269661
0.102562,-79.204544
0.102585,-80.153961
0.102608,-81.118362
0.102630,-82.098030
0.102653,-83.093033
0.102676,-84.103256
0.102698,-85.128342
0.102721,-86.167633
0.102744,-87.220047
0.102766,-88.283936
0.102789,-89.356865
0.102812,-90.435547
0.102834,-91.515511
0.102857,-92.590981
0.102880,-93.654633
0.102902,-94.697395
0.102925,-95.708374
0.102948,-96.674561
0.102971,-97.580963
0.102993,-98.410385
0.103016,-99.143555
0.103039,-99.759232
0.103061,-100.234314
0.103084,-100.544090
0.103107,-100.662590
0.103129,-100.562881
0.103152,-100.217613
0.103175,-99.599373
0.103197,-98.681320
0.103220,-97.437706
0.103243,-95.844467
0.103265,-93.879852
0.103288,-91.524940
0.103311,-88.764244
0.103333,-85.586220
0.103356,-81.983727
0.103379,-77.954414
0.103401,-73.501060
0.103424,-68.631775
0.103447,-63.360050
0.103469,-57.704929
0.103492,-51.690731
0.103515,-45.346996
0.103537,-38.708027
0.103560,-31.812565
0.103583,-24.703228
0.103605,-17.425907
0.103628,-10.029092
0.103651,-2.563131
0.103673,4.920545
0.103696,12.370228
0.103719,19.734743
0.103741,26.964245
0.103764,34.010983
0.103787,40.830029
0.103810,47.379932
0.103832,53.623291
0.103855,59.527260
0.103878,65.063927
0.103900,70.210609
0.103923,74.950012
0.103946,79.270340
0.103968,83.165161
0.103991,86.633400
0.104014,89.678909
0.104036,92.310272
0.104059,94.540337
0.104082,96.385712
0.104104,97.866287
0.104127,99.004601
0.104150,99.825325
0.104172,100.354599
0.104195,100.619514
0.104218,100.647499
0.104240,100.465843
0.104263,100.101219
0.104286,99.579247
0.104308,98.924133
0.104331,98.158401
0.104354,97.302750
0.104376,96.375748
0.104399,95.393898
0.104422,94.371628
0.104444,93.321190
0.104467,92.252914
0.104490,91.175316
0.104512,90.095215
0.104535,89.017914
0.104558,87.947510
0.104580,86.887047
0.104603,85.838608
0.104626,84.803696
0.104649,83.783218
0.104671,82.777779
0.104694,81.787613
0.104717,80.812782
0.104739,79.853142
0.104762,78.908363
0.104785,77.977913
0.104807,77.060982
0.104830,76.156364
0.104853,75.262405
0.104875,74.376923
0.104898,73.497032
0.104921,72.619125
0.104943,71.738747
0.104966,70.850540
0.104989,69.948227
0.105011,69.024582
0.105034,68.071564
0.105057,67.080261
0.105079,66.041130
0.105102,64.944092
0.105125,63.778709
0.105147,62.534473
0.105170,61.201012
0.105193,59.768375
0.105215,58.227306
0.105238,56.569565
0.105261,54.788139
0.105283,52.877605
0.105306,50.834286
0.105329,48.656494
0.105351,46.344742
0.105374,43.901779
0.105397,41.332756
0.105420,38.645180
0.105442,35.848892
0.105465,32.956009
0.105488,29.980703
0.105510,26.939041
0.105533,23.848719
0.105556,20.728762
0.105578,17.599194
0.105601,14.480691
0.105624,11.394189
0.105646,8.360510
0.105669,5.399991
0.105692,2.532109
0.105714,-0.224842
0.105737,-2.854085
0.105760,-5.340605
0.105782,-7.671395
0.105805,-9.835621
0.105828,-11.824738
0.105850,-13.632547
0.105873,-15.255225
0.105896,-16.691254
0.105918,-17.941322
0.105941,-19.008204
0.105964,-19.896526
0.105986,-20.612593
0.106009,-21.164095
0.106032,-21.559881
0.106054,-21.809652
0.106077,-21.923691
0.106100,-21.912603
0.106122,-21.787041
0.106145,-21.557487
0.106168,-21.234034
0.106190,-20.826229
0.106213,-20.342903
0.106236,-19.792095
0.106259,-19.180986
0.106281,-18.515860
0.106304,-17.802113
0.106327,-17.044319
0.106349,-16.246267
0.106372,-15.411070
0.106395,-14.541269
0.106417,-13.638957
0.106440,-12.705901
0.106463,-11.743667
0.106485,-10.753748
0.106508,-9.737655
0.106531,-8.697024
0.106553,-7.633684
0.106576,-6.549706
0.106599,-5.447442
0.106621,-4.329530
0.106644,-3.198874
0.106667,-2.058620
0.106689,-0.912106
0.106712,0.237203
0.106735,1.385784
0.106757,2.530128
0.106780,3.666816
0.106803,4.792582
0.106825,5.904375
0.106848,6.999394
0.106871,8.075124
0.106893,9.129330
0.106916,10.160043
0.106939,11.165524
0.106961,12.144197
0.106984,13.094572
0.107007,14.015139
0.107029,14.904264
0.107052,15.760064
0.107075,16.580269
0.107098,17.362122
0.107120,18.102238
0.107143,18.796518
0.107166,19.440060
0.107188,20.027098
0.107211,20.550976
0.107234,21.004162
0.107256,21.378269
0.107279,21.664160
0.107302,21.852053
0.107324,21.931660
0.107347,21.892403
0.107370,21.723621
0.107392,21.414814
0.107415,20.955902
0.107438,20.337496
0.107460,19.551207
0.107483,18.589872
0.107506,17.447853
0.107528,16.121262
0.107551,14.608167
0.107574,12.908779
0.107596,11.025549
0.107619,8.963285
0.107642,6.729152
0.107664,4.332653
0.107687,1.785540
0.107710,-0.898329
0.107732,-3.703184
0.107755,-6.611586
0.107778,-9.604718
0.107800,-12.662695
0.107823,-15.764942
0.107846,-18.890539
0.107868,-22.018616
0.107891,-25.128723
0.107914,-28.201202
0.107937,-31.217537
0.107959,-34.160679
0.107982,-37.015301
0.108005,-39.768063
0.108027,-42.407776
0.108050,-44.925560
0.108073,-47.314861
0.108095,-49.571533
0.108118,-51.693760
0.108141,-53.681961
0.108163,-55.538670
0.108186,-57.268295
0.108209,-58.876968
0.108231,-60.372219
0.108254,-61.762764
0.108277,-63.058167
0.108299,-64.268593
0.108322,-65.404488
0.108345,-66.476395
0.108367,-67.494583
0.108390,-68.468956
0.108413,-69.408836
0.108435,-70.322746
0.108458,-71.218422
0.108481,-72.102676
0.108503,-72.981438
0.108526,-73.859680
0.108549,-74.741493
0.108571,-75.630150
0.108594,-76.528275
0.108617,-77.437805
0.108639,-78.360214
0.108662,-79.296478
0.108685,-80.247337
0.108707,-81.213203
0.108730,-82.194366
0.108753,-83.190865
0.108776,-84.202553
0.108798,-85.229057
0.108821,-86.269699
0.108844,-87.323318
0.108866,-88.388191
0.108889,-89.461853
0.108912,-90.540863
0.108934,-91.620682
0.108957,-92.695335
0.108980,-93.757385
0.109002,-94.797562
0.109025,-95.804771
0.109048,-96.765831
0.109070,-97.665520
0.109093,-98.486450
0.109116,-99.209129
0.109138,-99.812134
0.109161,-100.272194
0.109184,-100.564499
0.109206,-100.662895
0.109229,-100.540482
0.109252,-100.169785
0.109274,-99.523476
0.109297,-98.574783
0.109320,-97.298103
0.109342,-95.669579
0.109365,-93.667686
0.109388,-91.273827
0.109410,-88.472878
0.109433,-85.253700
0.109456,-81.609612
0.109478,-77.538757
0.109501,-73.044418
0.109524,-68.135185
0.109546,-62.825165
0.109569,-57.133869
0.109592,-51.086170
0.109615,-44.712055
0.109637,-38.046310
0.109660,-31.128063
0.109683,-24.000280
0.109705,-16.709141
0.109728,-9.303345
0.109751,-1.833382
0.109773,5.649252
0.109796,13.092869
0.109819,20.446384
0.109841,27.660124
0.109864,34.686588
0.109887,41.481155
0.109909,48.002739
0.109932,54.214382
0.109955,60.083683
0.109977,65.583237
0.110000,70.690880
0.110023,75.389862
0.110045,79.668877
0.110068,83.522102
0.110091,86.948845
0.110113,89.953529
0.110136,92.545135
0.110159,94.736893
0.110181,96.545784
0.110204,97.991959
0.110227,99.098198
0.110249,99.889320
0.110272,100.391624
0.110295,100.632225
0.110317,100.638580
0.110340,100.437927
0.110363,100.056854
0.110385,99.520844
0.110408,98.853996
0.110431,98.078613
0.110454,97.215225
0.110476,96.282181
0.110499,95.295807
0.110522,94.270264
0.110544,93.217659
0.110567,92.148140
0.110590,91.070015
0.110612,89.989952
0.110635,88.913170
0.110658,87.843643
0.110680,86.784256
0.110703,85.737091
0.110726,84.703552
0.110748,83.684509
0.110771,82.680557
0.110794,81.691879
0.110816,80.718536
0.110839,79.760361
0.110862,78.817024
0.110884,77.887939
0.110907,76.972260
0.110930,76.068756
0.110952,75.175728
0.110975,74.290939
0.110998,73.411415
0.111020,72.533485
0.111043,71.652588
0.111066,70.763290
0.111088,69.859222
0.111111,68.933083
0.111134,67.976730
0.111156,66.981201
0.111179,65.936874
0.111202,64.833633
0.111224,63.661022
0.111247,62.408546
0.111270,61.065838
0.111293,59.623024
0.111315,58.070927
0.111338,56.401405
0.111361,54.607613
0.111383,52.684254
0.111406,50.627861
0.111429,48.436962
0.111451,46.112244
0.111474,43.656734
0.111497,41.075783
0.111519,38.377129
0.111542,35.570866
0.111565,32.669285
0.111587,29.686773
0.111610,26.639561
0.111633,23.545494
0.111655,20.423702
0.111678,17.294300
0.111701,14.177997
0.111723,11.095732
0.111746,8.068302
0.111769,5.115975
0.111791,2.258128
0.111814,-0.487081
0.111837,-3.103035
0.111859,-5.574913
0.111882,-7.889903
0.111905,-10.037394
0.111927,-12.009065
0.111950,-13.798953
0.111973,-15.403465
0.111995,-16.821293
0.112018,-18.053349
0.112041,-19.102583
0.112063,-19.973808
0.112086,-20.673468
0.112109,-21.209387
0.112132,-21.590496
0.112154,-21.826576
0.112177,-21.927944
0.112200,-21.905226
0.112222,-21.769070
0.112245,-21.529921
0.112268,-21.197836
0.112290,-20.782290
0.112313,-20.292044
0.112336,-19.735054
0.112358,-19.118416
0.112381,-18.448322
0.112404,-17.730095
0.112426,-16.968224
0.112449,-16.166420
0.112472,-15.327745
0.112494,-14.454689
0.112517,-13.549307
0.112540,-12.613338
0.112562,-11.648340
0.112585,-10.655802
0.112608,-9.637240
0.112630,-8.594313
0.112653,-7.528863
0.112676,-6.442994
0.112698,-5.339085
0.112721,-4.219797
0.112744,-3.088063
0.112766,-1.947050
0.112789,-0.800109
0.112812,0.349284
0.112834,1.497606
0.112857,2.641352
0.112880,3.777115
0.112902,4.901650
0.112925,6.011924
0.112948,7.105169
0.112971,8.178895
0.112993,9.230892
0.113016,10.259217
0.113039,11.262153
0.113061,12.238134
0.113084,13.185670
0.113107,14.103247
0.113129,14.989211
0.113152,15.841642
0.113175,16.658239
0.113197,17.436184
0.113220,18.172024
0.113243,18.861586
0.113265,19.499887
0.113288,20.081074
0.113311,20.598402
0.113333,21.044260
0.113356,21.410179
0.113379,21.686958
0.113401,21.864744
0.113424,21.933231
0.113447,21.881815
0.113469,21.699839
0.113492,21.376831
0.113515,20.902765
0.113537,20.268341
0.113560,19.465277
0.113583,18.486544
0.113605,17.326674
0.113628,15.981948
0.113651,14.450647
0.113673,12.733181
0.113696,10.832248
0.113719,8.752873
0.113741,6.502453
0.113764,4.090719
0.113787,1.529628
0.113810,-1.166761
0.113832,-3.982504
0.113855,-6.900017
0.113878,-9.900358
0.113900,-12.963568
0.113923,-16.069016
0.113946,-19.195768
0.113968,-22.322983
0.113991,-25.430267
0.114014,-28.498066
0.114036,-31.507992
0.114059,-34.443142
0.114082,-37.288387
0.114104,-40.030586
0.114127,-42.658768
0.114150,-45.164261
0.114172,-47.540779
0.114195,-49.784386
0.114218,-51.893490
0.114240,-53.868725
0.114263,-55.712814
0.114286,-57.430363
0.114308,-59.027618
0.114331,-60.512272
0.114354,-61.893097
0.114376,-63.179764
0.114399,-64.382446
0.114422,-65.511650
0.114444,-66.577866
0.114467,-67.591362
0.114490,-68.561974
0.114512,-69.498947
0.114535,-70.410751
0.114558,-71.305031
0.114580,-72.188538
0.114603,-73.067024
0.114626,-73.945427
0.114649,-74.827774
0.114671,-75.717270
0.114694,-76.616425
0.114717,-77.527161
0.114739,-78.450867
0.114762,-79.388535
0.114785,-80.340843
0.114807,-81.308197
0.114830,-82.290855
0.114853,-83.288841
0.114875,-84.301994
0.114898,-85.329941
0.114921,-86.371902
0.114943,-87.426689
0.114966,-88.492546
0.114989,-89.566887
0.115011,-90.646210
0.115034,-91.725792
0.115057,-92.799599
0.115079,-93.859932
0.115102,-94.897423
0.115125,-95.900734
0.115147,-96.856522
0.115170,-97.749321
0.115193,-98.561569
0.115215,-99.273544
0.115238,-99.863670
0.115261,-100.308487
0.115283,-100.583038
0.115306,-100.661118
0.115329,-100.515686
0.115351,-100.119331
0.115374,-99.444710
0.115397,-98.465126
0.115419,-97.155167
0.115442,-95.491142
0.115465,-93.451797
0.115488,-91.018845
0.115510,-88.177536
0.115533,-84.917160
0.115556,-81.231453
0.115578,-77.119072
0.115601,-72.583809
0.115624,-67.634796
0.115646,-62.286648
0.115669,-56.559418
0.115692,-50.478500
0.115714,-44.074345
0.115737,-37.382191
0.115760,-30.441566
0.115782,-23.295780
0.115805,-15.991282
0.115828,-8.576984
0.115850,-1.103512
0.115873,6.377588
0.115896,13.814650
0.115918,21.156693
0.115941,28.354223
0.115964,35.359985
0.115986,42.129681
0.116009,48.622604
0.116032,54.802212
0.116054,60.636581
0.116077,66.098816
0.116100,71.167252
0.116122,75.825691
0.116145,80.063370
0.116168,83.874947
0.116190,87.260277
0.116213,90.224213
0.116236,92.776184
0.116259,94.929810
0.116281,96.702400
0.116304,98.114388
0.116327,99.188774
0.116349,99.950584
0.116372,100.426155
0.116395,100.642708
0.116417,100.627686
0.116440,100.408287
0.116463,100.011002
0.116485,99.461220
0.116508,98.782814
0.116531,97.998001
0.116553,97.127022
0.116576,96.188110
0.116599,95.197319
0.116621,94.168640
0.116644,93.113976
0.116667,92.043274
0.116689,90.964691
0.116712,89.884750
0.116735,88.808533
0.116757,87.739861
0.116780,86.681580
0.116803,85.635696
0.116825,84.603539
0.116848,83.585968
0.116871,82.583488
0.116893,81.596298
0.116916,80.624443
0.116939,79.667747
0.116961,78.725807
0.116984,77.798080
0.117007,76.883652
0.117029,75.981255
0.117052,75.089134
0.117075,74.204987
0.117098,73.325813
0.117120,72.447784
0.117143,71.566338
0.117166,70.675896
0.117188,69.770012
0.117211,68.841309
0.117234,67.881538
0.117256,66.881683
0.117279,65.832062
0.117302,64.722511
0.117324,63.542583
0.117347,62.281761
0.117370,60.929722
0.117392,59.476635
0.117415,57.913433
0.117438,56.232067
0.117460,54.425846
0.117483,52.489643
0.117506,50.420158
0.117528,48.216141
0.117551,45.878513
0.117574,43.410492
0.117596,40.817680
0.117619,38.108055
0.117642,35.291920
0.117664,32.381786
0.117687,29.392223
0.117710,26.339634
0.117732,23.242004
0.117755,20.118578
0.117778,16.989532
0.117800,13.875628
0.117823,10.797800
0.117846,7.776810
0.117868,4.832861
0.117891,1.985220
0.117914,-0.748092
0.117937,-3.350616
0.117959,-5.807725
0.117982,-8.106815
0.118005,-10.237493
0.118027,-12.191661
0.118050,-13.963596
0.118073,-15.549925
0.118095,-16.949562
0.118118,-18.163637
0.118141,-19.195274
0.118163,-20.049467
0.118186,-20.732794
0.118209,-21.253208
0.118231,-21.619736
0.118254,-21.842215
0.118277,-21.931017
0.118299,-21.896774
0.118322,-21.750116
0.118345,-21.501474
0.118367,-21.160843
0.118390,-20.737638
0.118413,-20.240549
0.118435,-19.677446
0.118458,-19.055334
0.118481,-18.380333
0.118503,-17.657663
0.118526,-16.891747
0.118549,-16.086224
0.118571,-15.244095
0.118594,-14.367803
0.118617,-13.459363
0.118639,-12.520498
0.118662,-11.552752
0.118685,-10.557605
0.118707,-9.536593
0.118730,-8.491383
0.118753,-7.423848
0.118776,-6.336110
0.118798,-5.230579
0.118821,-4.109945
0.118844,-2.977164
0.118866,-1.835423
0.118889,-0.688089
0.118912,0.461355
0.118934,1.609384
0.118957,2.752500
0.118980,3.887307
0.119002,5.010581
0.119025,6.119312
0.119048,7.210759
0.119070,8.282459
0.119093,9.332230
0.119116,10.358152
0.119138,11.358529
0.119161,12.331799
0.119184,13.276481
0.119206,14.191050
0.119229,15.073835
0.119252,15.922886
0.119274,16.735846
0.119297,17.509846
0.119320,18.241371
0.119342,18.926168
0.119365,19.559170
0.119388,20.134439
0.119410,20.645149
0.119433,21.083597
0.119456,21.441246
0.119478,21.708807
0.119501,21.876402
0.119524,21.933666
0.119546,21.869989
0.119569,21.674717
0.119592,21.337408
0.119615,20.848104
0.119637,20.197588
0.119660,19.377676
0.119683,18.381495
0.119705,17.203730
0.119728,15.840858
0.119751,14.291350
0.119773,12.555840
0.119796,10.637248
0.119819,8.540833
0.119841,6.274220
0.119864,3.847360
0.119887,1.272427
0.119909,-1.436331
0.119932,-4.262797
0.119955,-7.189233
0.119977,-10.196598
0.120000,-13.264839
0.120023,-16.373287
0.120045,-19.500999
0.120068,-22.627155
0.120091,-25.731438
0.120113,-28.794380
0.120136,-31.797733
0.120159,-34.724751
0.120181,-37.560490
0.120204,-40.292019
0.120227,-42.908581
0.120249,-45.401745
0.120272,-47.765438
0.120295,-49.995960
0.120317,-52.091949
0.120340,-54.054245
0.120363,-55.885765
0.120385,-57.591274
0.120408,-59.177204
0.120431,-60.651325
0.120454,-62.022537
0.120476,-63.300556
0.120499,-64.495621
0.120522,-65.618233
0.120544,-66.678848
0.120567,-67.687737
0.120590,-68.654671
0.120612,-69.588829
0.120635,-70.498604
0.120658,-71.391556
0.120680,-72.274315
0.120703,-73.152611
0.120726,-74.031242
0.120748,-74.914146
0.120771,-75.804474
0.120794,-76.704689
0.120816,-77.616638
0.120839,-78.541679
0.120862,-79.480743
0.120884,-80.434494
0.120907,-81.403343
0.120930,-82.387497
0.120952,-83.386963
0.120975,-84.401581
0.120998,-85.430923
0.121020,-86.474182
0.121043,-87.530167
0.121066,-88.596970
0.121088,-89.671982
0.121111,-90.751541
0.121134,-91.830856
0.121156,-92.903702
0.121179,-93.962273
0.121202,-94.996941
0.121224,-95.996239
0.121247,-96.946617
0.121270,-97.832367
0.121293,-98.635719
0.121315,-99.336823
0.121338,-99.913834
0.121361,-100.343170
0.121383,-100.599739
0.121406,-100.657219
0.121429,-100.488518
0.121451,-100.066231
0.121474,-99.363022
0.121497,-98.352333
0.121519,-97.008850
0.121542,-95.309128
0.121565,-93.232147
0.121587,-90.759964
0.121610,-87.878204
0.121633,-84.576553
0.121655,-80.849228
0.121678,-76.695358
0.121701,-72.119263
0.121723,-67.130608
0.121746,-61.744526
0.121769,-55.981613
0.121791,-49.867752
0.121814,-43.433895
0.121837,-36.715702
0.121859,-29.753119
0.121882,-22.589764
0.121905,-15.272375
0.121927,-7.850062
0.121950,-0.373569
0.121973,7.105505
0.121995,14.535525
0.122018,21.865627
0.122041,29.046494
0.122063,36.031139
0.122086,42.775574
0.122109,49.239483
0.122132,55.386749
0.122154,61.185944
0.122177,66.610641
0.122200,71.639732
0.122222,76.257523
0.122245,80.453819
0.122268,84.223740
0.122290,87.567703
0.122313,90.490982
0.122336,93.003441
0.122358,95.119102
0.122381,96.855583
0.122404,98.233612
0.122426,99.276398
0.122449,100.009109
0.122472,100.458229
0.122494,100.650993
0.122517,100.614861
0.122540,100.376961
0.122562,99.963715
0.122585,99.400345
0.122608,98.710625
0.122630,97.916550
0.122653,97.038193
0.122676,96.093536
0.122698,95.098488
0.122721,94.066757
0.122744,93.010139
0.122766,91.938339
0.122789,90.859352
0.122812,89.779587
0.122834,88.703941
0.122857,87.636169
0.122880,86.579033
0.122902,85.534431
0.122925,84.503670
0.122948,83.487549
0.122971,82.486549
0.122993,81.500877
0.123016,80.530502
0.123039,79.575256
0.123061,78.634750
0.123084,77.708351
0.123107,76.795151
0.123129,75.893845
0.123152,75.002617
0.123175,74.119110
0.123197,73.240219
0.123220,72.362083
0.123243,71.480011
0.123265,70.588356
0.123288,69.680588
0.123311,68.749222
0.123333,67.785957
0.123356,66.781693
0.123379,65.726685
0.123401,64.610733
0.123424,63.423374
0.123447,62.154106
0.123469,60.792637
0.123492,59.329201
0.123515,57.754810
0.123537,56.061543
0.123560,54.242840
0.123583,52.293755
0.123605,50.211178
0.123628,47.994057
0.123651,45.643528
0.123673,43.163059
0.123696,40.558475
0.123719,37.837975
0.123742,35.012081
0.123764,32.093533
0.123787,29.097076
0.123810,26.039280
0.123832,22.938271
0.123855,19.813395
0.123878,16.684910
0.123900,13.573600
0.123923,10.500405
0.123946,7.486055
0.123968,4.550663
0.123991,1.713400
0.124014,-1.007854
0.124036,-3.596817
0.124059,-6.039037
0.124082,-8.322128
0.124104,-10.435911
0.124127,-12.372524
0.124150,-14.126475
0.124172,-15.694611
0.124195,-17.076073
0.124218,-18.272182
0.124240,-19.286278
0.124263,-20.123491
0.124286,-20.790565
0.124308,-21.295565
0.124331,-21.647602
0.124354,-21.856585
0.124376,-21.932920
0.124399,-21.887247
0.124422,-21.730194
0.124444,-21.472151
0.124467,-21.123066
0.124490,-20.692286
0.124512,-20.188429
0.124535,-19.619280
0.124558,-18.991756
0.124581,-18.311888
0.124603,-17.584822
0.124626,-16.814894
0.124649,-16.005680
0.124671,-15.160119
0.124694,-14.280610
0.124717,-13.369132
0.124739,-12.427383
0.124762,-11.456903
0.124785,-10.459164
0.124807,-9.435718
0.124830,-8.388244
0.124853,-7.318641
0.124875,-6.229057
0.124898,-5.121931
0.124921,-3.999979
0.124943,-2.866179
0.124966,-1.723743
0.124989,-0.576049
0.125011,0.573413
0.125034,1.721115
0.125057,2.863568
0.125079,3.997390
0.125102,5.119374
0.125125,6.226537
0.125147,7.316163
0.125170,8.385815
0.125193,9.433340
0.125215,10.456846
0.125238,11.454644
0.125261,12.425191
0.125283,13.367005
0.125306,14.278555
0.125329,15.158139
0.125351,16.003778
0.125374,16.813082
0.125397,17.583103
0.125419,18.310274
0.125442,18.990255
0.125465,19.617905
0.125488,20.187193
0.125510,20.691214
0.125533,21.122168
0.125556,21.471451
0.125578,21.729715
0.125601,21.887009
0.125624,21.932949
0.125646,21.856911
0.125669,21.648245
0.125692,21.296541
0.125714,20.791906
0.125737,20.125214
0.125760,19.288397
0.125782,18.274721
0.125805,17.079029
0.125828,15.697991
0.125850,14.130283
0.125873,12.376760
0.125896,10.440557
0.125918,8.327171
0.125941,6.044460
0.125964,3.602592
0.125986,1.013949
0.126009,-1.707022
0.126032,-4.544036
0.126054,-7.479222
0.126077,-10.493417
0.126100,-13.566499
0.126122,-16.677748
0.126145,-19.806219
0.126168,-22.931124
0.126190,-26.032211
0.126213,-29.090124
0.126236,-32.086746
0.126259,-35.005489
0.126281,-37.831608
0.126304,-40.552361
0.126327,-43.157227
0.126349,-45.637989
0.126372,-47.988815
0.126395,-50.206249
0.126417,-52.289135
0.126440,-54.238525
0.126463,-56.057514
0.126485,-57.751060
0.126508,-59.325718
0.126531,-60.789398
0.126553,-62.151089
0.126576,-63.420567
0.126599,-64.608101
0.126621,-65.724190
0.126644,-66.779327
0.126667,-67.783714
0.126689,-68.747063
0.126712,-69.678482
0.126735,-70.586304
0.126757,-71.477974
0.126780,-72.360069
0.126803,-73.238190
0.126825,-74.117088
0.126848,-75.000587
0.126871,-75.891785
0.126893,-76.793060
0.126916,-77.706245
0.126939,-78.632591
0.126961,-79.573074
0.126984,-80.528297
0.127007,-81.498619
0.127029,-82.484276
0.127052,-83.485229
0.127075,-84.501312
0.127098,-85.532043
0.127120,-86.576630
0.127143,-87.633751
0.127166,-88.701477
0.127188,-89.777107
0.127211,-90.856888
0.127234,-91.935875
0.127256,-93.007683
0.127279,-94.064369
0.127302,-95.096146
0.127324,-96.091309
0.127347,-97.036102
0.127370,-97.914627
0.127392,-98.708908
0.127415,-99.398903
0.127438,-99.962578
0.127460,-100.376198
0.127483,-100.614517
0.127506,-100.651154
0.127528,-100.458946
0.127551,-100.010452
0.127574,-99.278427
0.127596,-98.236374
0.127619,-96.859146
0.127642,-95.123520
0.127664,-93.008751
0.127687,-90.497215
0.127710,-87.574883
0.127732,-84.231895
0.127755,-80.462944
0.127778,-76.267632
0.127800,-71.650795
0.127823,-66.622635
0.127846,-61.198822
0.127868,-55.400463
0.127891,-49.253956
0.127914,-42.790737
0.127937,-36.046894
0.127959,-29.062754
0.127982,-21.882286
0.128005,-14.552473
0.128027,-7.122623
0.128050,0.356398
0.128073,7.832955
0.128095,15.255454
0.128118,22.573141
0.128141,29.736898
0.128163,36.699997
0.128186,43.418793
0.128209,49.853348
0.128231,55.967979
0.128254,61.731735
0.128277,67.118698
0.128299,72.108284
0.128322,76.685341
0.128345,80.840187
0.128367,84.568489
0.128390,87.871109
0.128413,90.753845
0.128435,93.226944
0.128458,95.304794
0.128481,97.005371
0.128503,98.349648
0.128526,99.361069
0.128549,100.064949
0.128571,100.487854
0.128594,100.657089
0.128617,100.600105
0.128639,100.343956
0.128662,99.914986
0.128685,99.338295
0.128707,98.637459
0.128730,97.834312
0.128753,96.948730
0.128776,95.998497
0.128798,94.999290
0.128821,93.964668
0.128844,92.906151
0.128866,91.833328
0.128889,90.754021
0.128912,89.674446
0.128934,88.599426
0.128957,87.532600
0.128980,86.476616
0.129002,85.433296
0.129025,84.403931
0.129048,83.389275
0.129070,82.389771
0.129093,81.405586
0.129116,80.436691
0.129138,79.482910
0.129161,78.543816
0.129184,77.618752
0.129206,76.706772
0.129229,75.806526
0.129252,74.916176
0.129274,74.033257
0.129297,73.154617
0.129320,72.276337
0.129342,71.393585
0.129365,70.500664
0.129388,69.590935
0.129410,68.656860
0.129433,67.690002
0.129456,66.681221
0.129478,65.620728
0.129501,64.498283
0.129524,63.303391
0.129546,62.025570
0.129569,60.654579
0.129592,59.180710
0.129615,57.595051
0.129637,55.889824
0.129660,54.058605
0.129683,52.096607
0.129705,50.000916
0.129728,47.770702
0.129751,45.407314
0.129773,42.914440
0.129796,40.298161
0.129819,37.566883
0.129841,34.731369
0.129864,31.804537
0.129887,28.801344
0.129909,25.738520
0.129932,22.634308
0.129955,19.508179
0.129977,16.380447
0.130000,13.271933
0.130023,10.203574
0.130045,7.196047
0.130068,4.269399
0.130091,1.442685
0.130113,-1.266360
0.130136,-3.841616
0.130159,-6.268830
0.130181,-8.535824
0.130204,-10.632643
0.130227,-12.551649
0.130249,-14.287582
0.130272,-15.837517
0.130295,-17.200815
0.130317,-18.379005
0.130340,-19.375595
0.130363,-20.195900
0.130385,-20.846796
0.130408,-21.336468
0.130431,-21.674112
0.130454,-21.869698
0.130476,-21.933666
0.130499,-21.876663
0.130522,-21.709312
0.130544,-21.441965
0.130567,-21.084515
0.130590,-20.646240
0.130612,-20.135687
0.130635,-19.560560
0.130658,-18.927683
0.130680,-18.242996
0.130703,-17.511576
0.130726,-16.737667
0.130748,-15.924791
0.130771,-15.075822
0.130794,-14.193111
0.130816,-13.278614
0.130839,-12.333999
0.130862,-11.360791
0.130884,-10.360477
0.130907,-9.334612
0.130930,-8.284894
0.130952,-7.213242
0.130975,-6.121838
0.130998,-5.013142
0.131020,-3.889899
0.131043,-2.755113
0.131066,-1.612013
0.131088,-0.463991
0.131111,0.685454
0.131134,1.832796
0.131156,2.974554
0.131179,4.107360
0.131202,5.228026
0.131224,6.333594
0.131247,7.421373
0.131270,8.488958
0.131293,9.534224
0.131315,10.555294
0.131338,11.550499
0.131361,12.518312
0.131383,13.457243
0.131406,14.365754
0.131429,15.242121
0.131451,16.084335
0.131474,16.889940
0.131497,17.655952
0.131519,18.378725
0.131542,19.053848
0.131565,19.676085
0.131587,20.239330
0.131610,20.736582
0.131633,21.159966
0.131655,21.500793
0.131678,21.749657
0.131701,21.896557
0.131723,21.931076
0.131746,21.842571
0.131769,21.620409
0.131791,21.254221
0.131814,20.734171
0.131837,20.051228
0.131859,19.197437
0.131882,18.166210
0.131905,16.952562
0.131927,15.553349
0.131950,13.967449
0.131973,12.195934
0.131995,10.242178
0.132018,8.111898
0.132041,5.813182
0.132063,3.356426
0.132086,0.754215
0.132109,-1.978813
0.132132,-4.826214
0.132154,-7.769965
0.132177,-10.790799
0.132200,-13.868516
0.132222,-16.982367
0.132245,-20.111399
0.132268,-23.234859
0.132290,-26.332575
0.132313,-29.385290
0.132336,-32.375019
0.132358,-35.285351
0.132381,-38.101719
0.132404,-40.811592
0.132426,-43.404682
0.132449,-45.872993
0.132472,-48.210938
0.132494,-50.415264
0.132517,-52.485054
0.132540,-54.421558
0.132562,-56.228065
0.132585,-57.909710
0.132608,-59.473179
0.132630,-60.926506
0.132653,-62.278759
0.132676,-63.539791
0.132698,-64.719902
0.132721,-65.829590
0.132744,-66.879333
0.132766,-67.879288
0.132789,-68.839142
0.132812,-69.767906
0.132834,-70.673828
0.132857,-71.564316
0.132880,-72.445793
0.132902,-73.323784
0.132925,-74.202980
0.132948,-75.087105
0.132971,-75.979195
0.132993,-76.881561
0.133016,-77.795967
0.133039,-78.723671
0.133061,-79.665558
0.133084,-80.622238
0.133107,-81.594063
0.133129,-82.581215
0.133152,-83.583656
0.133175,-84.601181
0.133197,-85.633316
0.133220,-86.679161
0.133243,-87.737427
0.133265,-88.806068
0.133288,-89.882286
0.133311,-90.962219
0.133333,-92.040810
0.133356,-93.111526
0.133379,-94.166245
0.133401,-95.195000
0.133424,-96.185875
0.133447,-97.124939
0.133469,-97.996086
0.133492,-98.781136
0.133515,-99.459801
0.133537,-100.009911
0.133560,-100.407562
0.133583,-100.627403
0.133605,-100.642929
0.133628,-100.426933
0.133651,-99.951973
0.133673,-99.190880
0.133696,-98.117226
0.133719,-96.706047
0.133741,-94.934311
0.133764,-92.781586
0.133787,-90.230545
0.133810,-87.267555
0.133832,-83.883194
0.133855,-80.072601
0.133878,-75.835899
0.133900,-71.178413
0.133923,-66.110901
0.133946,-60.649548
0.133968,-54.815998
0.133991,-48.637150
0.134014,-42.144909
0.134036,-35.375801
0.134059,-28.370527
0.134082,-21.173386
0.134104,-13.831616
0.134127,-6.394716
0.134150,1.086342
0.134172,8.559892
0.134195,15.974381
0.134218,23.279188
0.134240,30.425394
0.134263,37.366539
0.134286,44.059315
0.134308,50.464169
0.134331,56.545872
0.134354,62.273937
0.134376,67.622986
0.134399,72.572922
0.134422,77.109154
0.134444,81.222519
0.134467,84.909187
0.134490,88.170547
0.134512,91.012794
0.134535,93.446663
0.134558,95.486900
0.134580,97.151749
0.134603,98.462509
0.134626,99.442810
0.134649,100.118103
0.134671,100.515083
0.134694,100.661049
0.134717,100.583458
0.134739,100.309326
0.134762,99.864868
0.134785,99.275055
0.134807,98.563301
0.134830,97.751289
0.134853,96.858643
0.134875,95.903000
0.134898,94.899765
0.134921,93.862335
0.134943,92.802040
0.134966,91.728264
0.134989,90.648682
0.135011,89.569366
0.135034,88.494987
0.135057,87.429108
0.135079,86.374290
0.135102,85.332306
0.135125,84.304344
0.135147,83.291145
0.135170,82.293129
0.135193,81.310440
0.135215,80.343040
0.135238,79.390701
0.135261,78.453003
0.135283,77.529266
0.135306,76.618507
0.135329,75.719322
0.135351,74.829803
0.135374,73.947464
0.135397,73.069038
0.135420,72.190536
0.135442,71.307076
0.135465,70.412827
0.135488,69.501060
0.135510,68.564163
0.135533,67.593636
0.135556,66.580254
0.135578,65.514175
0.135601,64.385124
0.135624,63.182621
0.135646,61.896152
0.135669,60.515549
0.135692,59.031147
0.135714,57.434162
0.135737,55.716904
0.135760,53.873116
0.135782,51.898170
0.135805,49.789375
0.135828,47.546074
0.135850,45.169865
0.135873,42.664654
0.135896,40.036743
0.135918,37.294800
0.135941,34.449780
0.135964,31.514814
0.135986,28.505047
0.136009,25.437357
0.136032,22.330139
0.136054,19.202948
0.136077,16.076168
0.136100,12.970652
0.136122,9.907318
0.136145,6.906809
0.136168,3.989089
0.136190,1.173089
0.136213,-1.523592
0.136236,-4.085007
0.136258,-6.497102
0.136281,-8.747903
0.136304,-10.827679
0.136327,-12.729032
0.136349,-14.446921
0.136372,-15.978648
0.136395,-17.323799
0.136417,-18.484091
0.136440,-19.463234
0.136463,-20.266699
0.136485,-20.901495
0.136508,-21.375921
0.136531,-21.699266
0.136553,-21.881554
0.136576,-21.933254
0.136599,-21.865028
0.136621,-21.687485
0.136644,-21.410919
0.136667,-21.045193
0.136689,-20.599510
0.136712,-20.082335
0.136735,-19.501287
0.136757,-18.863113
0.136780,-18.173660
0.136803,-17.437922
0.136825,-16.660069
0.136848,-15.843559
0.136871,-14.991203
0.136893,-14.105315
0.136916,-13.187808
0.136939,-12.240339
0.136961,-11.264426
0.136984,-10.261550
0.137007,-9.233278
0.137029,-8.181334
0.137052,-7.107656
0.137075,-6.014453
0.137098,-4.904213
0.137120,-3.779708
0.137143,-2.643968
0.137166,-1.500236
0.137188,-0.351921
0.137211,0.797475
0.137234,1.944425
0.137256,3.085455
0.137279,4.217215
0.137302,5.336535
0.137324,6.440482
0.137347,7.526394
0.137370,8.591894
0.137392,9.634875
0.137415,10.653495
0.137438,11.646093
0.137460,12.611156
0.137483,13.547193
0.137506,14.452647
0.137528,15.325782
0.137551,16.164536
0.137574,16.966427
0.137596,17.728399
0.137619,18.446728
0.137642,19.116938
0.137664,19.733706
0.137687,20.290838
0.137710,20.781246
0.137732,21.196976
0.137755,21.529264
0.137778,21.768633
0.137800,21.905045
0.137823,21.928030
0.137846,21.826960
0.137868,21.591204
0.137891,21.210434
0.137914,20.674885
0.137937,19.975611
0.137959,19.104788
0.137982,18.055965
0.138005,16.824329
0.138027,15.406928
0.138050,13.802847
0.138073,12.013381
0.138095,10.042121
0.138118,7.895025
0.138141,5.580407
0.138163,3.108875
0.138186,0.493236
0.138209,-2.251697
0.138231,-5.109305
0.138254,-8.061438
0.138277,-11.088717
0.138299,-14.170880
0.138322,-17.287132
0.138345,-20.416529
0.138367,-23.538357
0.138390,-26.632513
0.138413,-29.679848
0.138435,-32.662529
0.138458,-35.564312
0.138481,-38.370811
0.138503,-41.069717
0.138526,-43.650948
0.138549,-46.106762
0.138571,-48.431782
0.138594,-50.622993
0.138617,-52.679691
0.138639,-54.603348
0.138662,-56.397434
0.138685,-58.067234
0.138707,-59.619591
0.138730,-61.062649
0.138753,-62.405575
0.138776,-63.658257
0.138798,-64.831024
0.138821,-65.934425
0.138844,-66.978867
0.138866,-67.974503
0.138889,-68.930939
0.138912,-69.857124
0.138934,-70.761230
0.138957,-71.650558
0.138980,-72.531464
0.139002,-73.409393
0.139025,-74.288902
0.139048,-75.173698
0.139070,-76.066704
0.139093,-76.970169
0.139116,-77.885818
0.139138,-78.814865
0.139161,-79.758186
0.139184,-80.716324
0.139206,-81.689644
0.139229,-82.678276
0.139252,-83.682213
0.139274,-84.701187
0.139297,-85.734703
0.139320,-86.781845
0.139342,-87.841209
0.139365,-88.910728
0.139388,-89.987488
0.139410,-91.067543
0.139433,-92.145668
0.139456,-93.215218
0.139478,-94.267876
0.139501,-95.293488
0.139524,-96.279968
0.139546,-97.213150
0.139569,-98.076736
0.139592,-98.852325
0.139615,-99.519455
0.139637,-100.055794
0.139660,-100.437241
0.139683,-100.638336
0.139705,-100.632500
0.139728,-100.392464
0.139751,-99.890793
0.139773,-99.100357
0.139796,-97.994873
0.139819,-96.549507
0.139841,-94.741486
0.139864,-92.550606
0.139887,-89.959946
0.139909,-86.956215
0.139932,-83.530441
0.139955,-79.678207
0.139977,-75.400154
0.140000,-70.702133
0.140023,-65.595406
0.140045,-60.096729
0.140068,-54.228241
0.140091,-48.017357
0.140113,-41.496441
0.140136,-34.702457
0.140159,-27.676474
0.140181,-20.463106
0.140204,-13.109856
0.140227,-5.666390
0.140249,1.816214
0.140272,9.286264
0.140295,16.692266
0.140317,23.983727
0.140340,31.111935
0.140363,38.030712
0.140385,44.697090
0.140408,51.071911
0.140431,57.120392
0.140454,62.812534
0.140476,68.123459
0.140499,73.033623
0.140522,77.528946
0.140544,81.600769
0.140567,85.245827
0.140590,88.465973
0.140612,91.267868
0.140635,93.662651
0.140658,95.665421
0.140680,97.294785
0.140703,98.572235
0.140726,99.521660
0.140748,100.168617
0.140771,100.539902
0.140794,100.662888
0.140816,100.564941
0.140839,100.273079
0.140862,99.813354
0.140884,99.210663
0.140907,98.488213
0.140930,97.667488
0.140952,96.767982
0.140975,95.807030
0.140998,94.799904
0.141020,93.759796
0.141043,92.697792
0.141066,91.623154
0.141088,90.543358
0.141111,89.464325
0.141134,88.390640
0.141156,87.325737
0.141179,86.272102
0.141202,85.231445
0.141224,84.204895
0.141247,83.193169
0.141270,82.196632
0.141293,81.215446
0.141315,80.249527
0.141338,79.298645
0.141361,78.362328
0.141383,77.439903
0.141406,76.530342
0.141429,75.632202
0.141451,74.743507
0.141474,73.861694
0.141497,72.983459
0.141519,72.104713
0.141542,71.220451
0.141565,70.324799
0.141587,69.410950
0.141610,68.471169
0.141633,67.496872
0.141655,66.478783
0.141678,65.407028
0.141701,64.271271
0.141723,63.061039
0.141746,61.765835
0.141769,60.375530
0.141791,58.880520
0.141814,57.272121
0.141837,55.542778
0.141859,53.686375
0.141882,51.698475
0.141905,49.576553
0.141927,47.320187
0.141950,44.931183
0.141973,42.413696
0.141995,39.774254
0.142018,37.021740
0.142041,34.167332
0.142063,31.224377
0.142086,28.208191
0.142109,25.135818
0.142132,22.025782
0.142154,18.897720
0.142177,15.772095
0.142200,12.669766
0.142222,9.611663
0.142245,6.618361
0.142268,3.709743
0.142290,0.904629
0.142313,-1.779534
0.142336,-4.326980
0.142358,-6.723838
0.142381,-8.958352
0.142404,-11.021023
0.142426,-12.904668
0.142449,-14.604486
0.142472,-16.118006
0.142494,-17.445023
0.142517,-18.587460
0.142540,-19.549206
0.142562,-20.335892
0.142585,-20.954670
0.142608,-21.413939
0.142630,-21.723082
0.142653,-21.892168
0.142676,-21.931709
0.142698,-21.852362
0.142721,-21.664709
0.142744,-21.379030
0.142766,-21.005112
0.142789,-20.552097
0.142812,-20.028376
0.142834,-19.441473
0.142857,-18.798056
0.142880,-18.103884
0.142902,-17.363871
0.142925,-16.582109
0.142948,-15.761986
0.142971,-14.906267
0.142993,-14.017217
0.143016,-13.096717
0.143039,-12.146411
0.143061,-11.167802
0.143084,-10.162378
0.143107,-9.131723
0.143129,-8.077568
0.143152,-7.001884
0.143175,-5.906906
0.143197,-4.795149
0.143220,-3.669411
0.143243,-2.532746
0.143265,-1.388415
0.143288,-0.239840
0.143311,0.909472
0.143333,2.055996
0.143356,3.196268
0.143379,4.326950
0.143401,5.444895
0.143424,6.547196
0.143447,7.631220
0.143469,8.694611
0.143492,9.735295
0.143515,10.751448
0.143537,11.741429
0.143560,12.703725
0.143583,13.636850
0.143605,14.539235
0.143628,15.409113
0.143651,16.244392
0.143673,17.042534
0.143696,17.800425
0.143719,18.514275
0.143742,19.179522
0.143764,19.790760
0.143787,20.341715
0.143810,20.825205
0.143832,21.233191
0.143855,21.556847
0.143878,21.786627
0.143900,21.912445
0.143923,21.923803
0.143946,21.810064
0.143968,21.560621
0.143991,21.165178
0.144014,20.614042
0.144036,19.898365
0.144059,19.010441
0.144082,17.943977
0.144104,16.694332
0.144127,15.258734
0.144150,13.636483
0.144172,11.829092
0.144195,9.840389
0.144218,7.676553
0.144240,5.346134
0.144263,2.859955
0.144286,0.231024
0.144308,-2.525652
0.144331,-5.393296
0.144354,-8.353627
0.144376,-11.387163
0.144399,-14.473570
0.144422,-17.592020
0.144444,-20.721584
0.144467,-23.841589
0.144490,-26.932001
0.144512,-29.973797
0.144535,-32.949276
0.144558,-35.842369
0.144580,-38.638882
0.144603,-41.326721
0.144626,-43.896030
0.144649,-46.339291
0.144671,-48.651348
0.144694,-50.829437
0.144717,-52.873070
0.144739,-54.783909
0.144762,-56.565613
0.144785,-58.223640
0.144807,-59.764961
0.144830,-61.197849
0.144853,-62.531525
0.144875,-63.775948
0.144898,-64.941498
0.144921,-66.038689
0.144943,-67.077934
0.144966,-68.069336
0.144989,-69.022438
0.145011,-69.946121
0.145034,-70.848495
0.145057,-71.736732
0.145079,-72.617119
0.145102,-73.495026
0.145125,-74.374901
0.145147,-75.260361
0.145170,-76.154289
0.145193,-77.058899
0.145215,-77.975800
0.145238,-78.906212
0.145261,-79.850945
0.145283,-80.810555
0.145306,-81.785370
0.145329,-82.775497
0.145351,-83.780914
0.145374,-84.801331
0.145397,-85.836220
0.145420,-86.884628
0.145442,-87.945076
0.145465,-89.015442
0.145488,-90.092728
0.145510,-91.172852
0.145533,-92.250450
0.145556,-93.318741
0.145578,-94.369247
0.145601,-95.391602
0.145624,-96.373558
0.145646,-97.300697
0.145669,-98.156540
0.145692,-98.922493
0.145714,-99.577888
0.145737,-100.100204
0.145760,-100.465210
0.145782,-100.647301
0.145805,-100.619835
0.145828,-100.355507
0.145850,-99.826866
0.145873,-99.006851
0.145896,-97.869278
0.145918,-96.389526
0.145941,-94.544998
0.145964,-92.315842
0.145986,-89.685417
0.146009,-86.640869
0.146032,-83.173607
0.146054,-79.279762
0.146077,-74.960411
0.146100,-70.221947
0.146122,-65.076187
0.146145,-59.540390
0.146168,-53.637234
0.146190,-47.394619
0.146213,-40.845375
0.146236,-34.026901
0.146259,-26.980631
0.146281,-19.751497
0.146304,-12.387237
0.146327,-4.937691
0.146349,2.545967
0.146372,10.012028
0.146395,17.409060
0.146417,24.686708
0.146440,31.796486
0.146463,38.692486
0.146485,45.332088
0.146508,51.676544
0.146531,57.691528
0.146553,63.347511
0.146576,68.620132
0.146599,73.490372
0.146621,77.944687
0.146644,81.974960
0.146667,85.578445
0.146689,88.757431
0.146712,91.519073
0.146735,93.874901
0.146757,95.840393
0.146780,97.434464
0.146803,98.678848
0.146825,99.597618
0.146848,100.216522
0.146871,100.562386
0.146893,100.662613
0.146916,100.544586
0.146939,100.235229
0.146961,99.760498
0.146984,99.145119
0.147007,98.412193
0.147029,97.582970
0.147052,96.676720
0.147075,95.710640
0.147098,94.699760
0.147120,93.657043
0.147143,92.593430
0.147166,91.517990
0.147188,90.438026
0.147211,89.359329
0.147234,88.286385
0.147256,87.222481
0.147279,86.170044
0.147302,85.130714
0.147324,84.105591
0.147347,83.095322
0.147370,82.100296
0.147392,81.120590
0.147415,80.156151
0.147438,79.206718
0.147460,78.271790
0.147483,77.350670
0.147506,76.442299
0.147528,75.545174
0.147551,74.657272
0.147574,73.775978
0.147596,72.897873
0.147619,72.018806
0.147642,71.133728
0.147664,70.236618
0.147687,69.320587
0.147710,68.377815
0.147732,67.399673
0.147755,66.376816
0.147778,65.299271
0.147800,64.156715
0.147823,62.938656
0.147846,61.634624
0.147868,60.234509
0.147891,58.728813
0.147914,57.108925
0.147937,55.367447
0.147959,53.498386
0.147982,51.497498
0.148005,49.362453
0.148027,47.093037
0.148050,44.691288
0.148073,42.161579
0.148095,39.510681
0.148118,36.747700
0.148141,33.884041
0.148163,30.933245
0.148186,27.910803
0.148209,24.833923
0.148231,21.721247
0.148254,18.592514
0.148277,15.468238
0.148299,12.369308
0.148322,9.316622
0.148345,6.330720
0.148367,3.431385
0.148390,0.637323
0.148413,-2.034179
0.148435,-4.567516
0.148458,-6.949028
0.148481,-9.167170
0.148503,-11.212656
0.148526,-13.078553
0.148549,-14.760277
0.148571,-16.255589
0.148594,-17.564489
0.148617,-18.689108
0.148639,-19.633509
0.148662,-20.403484
0.148685,-21.006325
0.148707,-21.450533
0.148730,-21.745565
0.148753,-21.901550
0.148776,-21.929033
0.148798,-21.838663
0.148821,-21.641006
0.148844,-21.346298
0.148866,-20.964281
0.148889,-20.504019
0.148912,-19.973814
0.148934,-19.381124
0.148957,-18.732517
0.148980,-18.033676
0.149002,-17.289421
0.149025,-16.503782
0.149048,-15.680078
0.149070,-14.821014
0.149093,-13.928817
0.149116,-13.005344
0.149138,-12.052215
0.149161,-11.070922
0.149184,-10.062968
0.149206,-9.029940
0.149229,-7.973597
0.149252,-6.895929
0.149274,-5.799199
0.149297,-4.685953
0.149320,-3.559011
0.149342,-2.421451
0.149365,-1.276554
0.149388,-0.127751
0.149410,1.021443
0.149433,2.167508
0.149456,3.306990
0.149478,4.436564
0.149501,5.553108
0.149524,6.653740
0.149546,7.735848
0.149569,8.797114
0.149592,9.835483
0.149615,10.849153
0.149637,11.836499
0.149660,12.796018
0.149683,13.726218
0.149705,14.625513
0.149728,15.492117
0.149751,16.323896
0.149773,17.118259
0.149796,17.872034
0.149819,18.581358
0.149841,19.241590
0.149864,19.847242
0.149887,20.391945
0.149909,20.868444
0.149932,21.268614
0.149955,21.583546
0.149977,21.803635
0.150000,21.918758
0.150023,21.918390
0.150045,21.791883
0.150068,21.528645
0.150091,21.118439
0.150113,20.551632
0.150136,19.819479
0.150159,18.914402
0.150181,17.830252
0.150204,16.562567
0.150227,15.108760
0.150249,13.468355
0.150272,11.643081
0.150295,9.636991
0.150317,7.456498
0.150340,5.110380
0.150363,2.609675
0.150385,-0.032402
0.150408,-2.800663
0.150431,-5.678170
0.150454,-8.646513
0.150476,-11.686107
0.150499,-14.776562
0.150522,-17.897015
0.150544,-21.026550
0.150567,-24.144535
0.150590,-27.231028
0.150612,-30.267109
0.150635,-33.235233
0.150658,-36.119499
0.150680,-38.905918
0.150703,-41.582596
0.150726,-44.139908
0.150748,-46.570560
0.150771,-48.869644
0.150794,-51.034603
0.150816,-53.065182
0.150839,-54.963242
0.150862,-56.732624
0.150884,-58.378944
0.150907,-59.909306
0.150930,-61.332088
0.150952,-62.656620
0.150975,-63.892895
0.150998,-65.051323
0.151020,-66.142403
0.151043,-67.176544
0.151066,-68.163803
0.151088,-69.113663
0.151111,-70.034927
0.151134,-70.935608
0.151156,-71.822823
0.151179,-72.702751
0.151202,-73.580658
0.151224,-74.460930
0.151247,-75.347115
0.151270,-76.241997
0.151293,-77.147743
0.151315,-78.065918
0.151338,-78.997688
0.151361,-79.943848
0.151383,-80.904930
0.151406,-81.881218
0.151429,-82.872864
0.151451,-83.879745
0.151474,-84.901604
0.151497,-85.937866
0.151519,-86.987511
0.151542,-88.049049
0.151565,-89.120239
0.151587,-90.197990
0.151610,-91.278122
0.151633,-92.355148
0.151655,-93.422112
0.151678,-94.470352
0.151701,-95.489342
0.151723,-96.466621
0.151746,-97.387573
0.151769,-98.235497
0.151791,-98.991608
0.151814,-99.635040
0.151837,-100.143127
0.151859,-100.491440
0.151882,-100.654289
0.151905,-100.604927
0.151927,-100.316025
0.151950,-99.760162
0.151973,-98.910301
0.151995,-97.740425
0.152018,-96.226051
0.152041,-94.344864
0.152063,-92.077255
0.152086,-89.406937
0.152109,-86.321487
0.152132,-82.812737
0.152154,-78.877258
0.152177,-74.516678
0.152200,-69.737900
0.152222,-64.553261
0.152245,-58.980553
0.152268,-53.042995
0.152290,-46.768955
0.152313,-40.191750
0.152336,-33.349174
0.152358,-26.283054
0.152381,-19.038601
0.152404,-11.663805
0.152426,-4.208666
0.152449,3.275552
0.152472,10.737134
0.152494,18.124714
0.152517,25.388094
0.152540,32.479000
0.152562,39.351818
0.152585,45.964275
0.152608,52.278049
0.152630,58.259243
0.152653,63.878830
0.152676,69.112968
0.152698,73.943161
0.152721,78.356407
0.152744,82.345100
0.152766,85.907005
0.152789,89.044922
0.152812,91.766411
0.152834,94.083450
0.152857,96.011833
0.152880,97.570808
0.152902,98.782364
0.152925,99.670738
0.152948,100.261810
0.152971,100.582520
0.152993,100.660278
0.153016,100.522415
0.153039,100.195801
0.153061,99.706299
0.153084,99.078468
0.153107,98.335236
0.153129,97.497704
0.153152,96.584900
0.153175,95.613808
0.153197,94.599289
0.153220,93.554108
0.153243,92.488976
0.153265,91.412773
0.153288,90.332710
0.153311,89.254402
0.153333,88.182205
0.153356,87.119331
0.153379,86.068100
0.153401,85.030113
0.153424,84.006416
0.153447,82.997635
0.153469,82.004089
0.153492,81.025894
0.153515,80.062927
0.153537,79.114929
0.153560,78.181389
0.153583,77.261574
0.153605,76.354347
0.153628,75.458221
0.153651,74.571098
0.153673,73.690262
0.153696,72.812279
0.153719,71.932869
0.153741,71.046890
0.153764,70.148247
0.153787,69.229973
0.153810,68.284134
0.153832,67.302071
0.153855,66.274315
0.153878,65.190895
0.153900,64.041451
0.153923,62.815453
0.153946,61.502491
0.153968,60.092487
0.153991,58.576019
0.154014,56.944588
0.154036,55.190899
0.154059,53.309139
0.154082,51.295242
0.154104,49.147076
0.154127,46.864624
0.154150,44.450172
0.154172,41.908302
0.154195,39.246040
0.154218,36.472706
0.154240,33.599922
0.154263,30.641432
0.154286,27.612898
0.154308,24.531683
0.154331,21.416559
0.154354,18.287354
0.154376,15.164625
0.154399,12.069284
0.154422,9.022218
0.154444,6.043900
0.154467,3.154028
0.154490,0.371178
0.154512,-2.287506
0.154535,-4.806610
0.154558,-7.172662
0.154581,-9.374339
0.154603,-11.402586
0.154626,-13.250685
0.154649,-14.914298
0.154671,-16.391394
0.154694,-17.682201
0.154717,-18.789040
0.154739,-19.716148
0.154762,-20.469492
0.154785,-21.056471
0.154807,-21.485703
0.154830,-21.766722
0.154853,-21.909716
0.154875,-21.925232
0.154898,-21.823942
0.154921,-21.616379
0.154943,-21.312742
0.154966,-20.922707
0.154989,-20.455273
0.155011,-19.918661
0.155034,-19.320244
0.155057,-18.666504
0.155079,-17.963036
0.155102,-17.214577
0.155125,-16.425095
0.155147,-15.597827
0.155170,-14.735445
0.155193,-13.840124
0.155215,-12.913692
0.155238,-11.957746
0.155261,-10.973791
0.155283,-9.963320
0.155306,-8.927937
0.155329,-7.869422
0.155351,-6.789792
0.155374,-5.691335
0.155397,-4.576624
0.155419,-3.448509
0.155442,-2.310086
0.155465,-1.164655
0.155488,-0.015660
0.155510,1.133384
0.155533,2.278958
0.155556,3.417617
0.155578,4.546055
0.155601,5.661169
0.155624,6.760105
0.155646,7.840280
0.155669,8.899398
0.155692,9.935434
0.155714,10.946606
0.155737,11.931306
0.155760,12.888032
0.155782,13.815289
0.155805,14.711481
0.155828,15.574790
0.155850,16.403042
0.155873,17.193596
0.155896,17.943222
0.155918,18.647974
0.155941,19.303143
0.155964,19.903145
0.155986,20.441534
0.156009,20.910957
0.156032,21.303219
0.156054,21.609335
0.156077,21.819647
0.156100,21.923975
0.156122,21.911779
0.156145,21.772402
0.156168,21.495277
0.156190,21.070210
0.156213,20.487648
0.156236,19.738945
0.156259,18.816658
0.156281,17.714777
0.156304,16.429026
0.156327,14.957013
0.156349,13.298469
0.156372,11.455345
0.156395,9.431930
0.156417,7.234869
0.156440,4.873152
0.156463,2.358051
0.156485,-0.297029
0.156508,-3.076712
0.156531,-5.963910
0.156553,-8.940077
0.156576,-11.985538
0.156599,-15.079841
0.156621,-18.202099
0.156644,-21.331404
0.156667,-24.447182
0.156689,-27.529572
0.156712,-30.559774
0.156735,-33.520397
0.156757,-36.395699
0.156780,-39.171913
0.156803,-41.837337
0.156825,-44.382576
0.156848,-46.800571
0.156871,-49.086662
0.156893,-51.238503
0.156916,-53.256035
0.156939,-55.141346
0.156961,-56.898457
0.156984,-58.533134
0.157007,-60.052628
0.157029,-61.465405
0.157052,-62.780880
0.157075,-64.009102
0.157098,-65.160492
0.157120,-66.245583
0.157143,-67.274712
0.157166,-68.257919
0.157188,-69.204605
0.157211,-70.123528
0.157234,-71.022598
0.157256,-71.908836
0.157279,-72.788361
0.157302,-73.666328
0.157324,-74.547035
0.157347,-75.433945
0.157370,-76.329796
0.157392,-77.236694
0.157415,-78.156151
0.157438,-79.089310
0.157460,-80.036896
0.157483,-80.999451
0.157506,-81.977242
0.157528,-82.970367
0.157551,-83.978737
0.157574,-85.002029
0.157596,-86.039642
0.157619,-87.090530
0.157642,-88.153114
0.157664,-89.225098
0.157687,-90.303284
0.157710,-91.383369
0.157732,-92.459763
0.157755,-93.525291
0.157778,-94.571175
0.157800,-95.586685
0.157823,-96.559135
0.157846,-97.473747
0.157868,-98.313583
0.157891,-99.059669
0.157914,-99.690926
0.157937,-100.184517
0.157959,-100.515892
0.157982,-100.659241
0.158005,-100.587738
0.158027,-100.274002
0.158050,-99.690651
0.158073,-98.810730
0.158095,-97.608299
0.158118,-96.059105
0.158141,-94.141045
0.158163,-91.834839
0.158186,-89.124535
0.158209,-85.998085
0.158231,-82.447800
0.158254,-78.470711
0.158277,-74.068954
0.158299,-69.249985
0.158322,-64.026634
0.158345,-58.417255
0.158367,-52.445545
0.158390,-46.140408
0.158413,-39.535595
0.158435,-32.669323
0.158458,-25.583775
0.158481,-18.324469
0.158503,-10.939608
0.158526,-3.479365
0.158549,4.004922
0.158571,11.461535
0.158594,18.839191
0.158617,26.087839
0.158639,33.159431
0.158662,40.008667
0.158685,46.593628
0.158707,52.876377
0.158730,58.823517
0.158753,64.406487
0.158776,69.601967
0.158798,74.391983
0.158821,78.764084
0.158844,82.711189
0.158866,86.231522
0.158889,89.328438
0.158912,92.009903
0.158934,94.288300
0.158957,96.179764
0.158980,97.703850
0.159002,98.882782
0.159025,99.741013
0.159048,100.304550
0.159070,100.600349
0.159093,100.655884
0.159116,100.498451
0.159138,100.154831
0.159161,99.650795
0.159184,99.010727
0.159206,98.257416
0.159229,97.411720
0.159252,96.492523
0.159274,95.516579
0.159297,94.498543
0.159320,93.450966
0.159342,92.384384
0.159365,91.307518
0.159388,90.227409
0.159410,89.149551
0.159433,88.078110
0.159456,87.016289
0.159478,85.966286
0.159501,84.929665
0.159524,83.907387
0.159546,82.900078
0.159569,81.908051
0.159592,80.931313
0.159615,79.969841
0.159637,79.023270
0.159660,78.091118
0.159683,77.172562
0.159705,76.266525
0.159728,75.371368
0.159751,74.484985
0.159773,73.604584
0.159796,72.726669
0.159819,71.846863
0.159841,70.959930
0.159864,70.059692
0.159887,69.139091
0.159909,68.190125
0.159932,67.204018
0.159955,66.171288
0.159977,65.081886
0.160000,63.925438
0.160023,62.691418
0.160045,61.369434
0.160068,59.949451
0.160091,58.422134
0.160113,56.779079
0.160136,55.013123
0.160159,53.118641
0.160181,51.091705
0.160204,48.930405
0.160227,46.634949
0.160249,44.207832
0.160272,41.653885
0.160295,38.980347
0.160317,36.196762
0.160340,33.314991
0.160363,30.348949
0.160385,27.314487
0.160408,24.229126
0.160431,21.111740
0.160454,17.982250
0.160476,14.861270
0.160499,11.769723
0.160522,8.728471
0.160544,5.757924
0.160567,2.877690
0.160590,0.106218
0.160612,-2.539506
0.160635,-5.044243
0.160658,-7.394734
0.160680,-9.579863
0.160703,-11.590801
0.160726,-13.421063
0.160748,-15.066539
0.160771,-16.525431
0.160794,-17.798166
0.160816,-18.887262
0.160839,-19.797144
0.160862,-20.533915
0.160884,-21.105118
0.160907,-21.519461
0.160930,-21.786572
0.160952,-21.916666
0.160975,-21.920322
0.160998,-21.808210
0.161020,-21.590839
0.161043,-21.278364
0.161066,-20.880394
0.161088,-20.405867
0.161111,-19.862921
0.161134,-19.258841
0.161156,-18.600018
0.161179,-17.891964
0.161202,-17.139347
0.161224,-16.346045
0.161247,-15.515248
0.161270,-14.649568
0.161293,-13.751133
0.161315,-12.821754
0.161338,-11.863014
0.161361,-10.876406
0.161383,-9.863434
0.161406,-8.825714
0.161429,-7.765048
0.161451,-6.683476
0.161474,-5.583317
0.161497,-4.467169
0.161519,-3.337909
0.161542,-2.198655
0.161565,-1.052723
0.161587,0.096433
0.161610,1.245293
0.161633,2.390342
0.161655,3.528146
0.161678,4.655419
0.161701,5.769078
0.161723,6.866292
0.161746,7.944511
0.161769,9.001461
0.161791,10.035149
0.161814,11.043808
0.161837,12.025846
0.161859,12.979765
0.161882,13.904066
0.161905,14.797137
0.161927,15.657130
0.161950,16.481833
0.161973,17.268549
0.161995,18.013983
0.162018,18.714123
0.162041,19.364166
0.162063,19.958462
0.162086,20.490465
0.162109,20.952738
0.162132,21.337008
0.162154,21.634216
0.162177,21.834652
0.162200,21.928080
0.162222,21.903957
0.162245,21.751608
0.162268,21.460501
0.162290,21.020485
0.162313,20.422089
0.162336,19.656769
0.162358,18.717201
0.162381,17.597553
0.162404,16.293711
0.162426,14.803493
0.162449,13.126826
0.162472,11.265896
0.162494,9.225218
0.162517,7.011671
0.162540,4.634467
0.162562,2.105093
0.162585,-0.562842
0.162608,-3.353786
0.162630,-6.250498
0.162653,-9.234300
0.162676,-12.285435
0.162698,-15.383382
0.162721,-18.507246
0.162744,-21.636129
0.162766,-24.749514
0.162789,-27.827618
0.162812,-30.851780
0.162834,-33.804741
0.162857,-36.670963
0.162880,-39.436844
0.162902,-42.090935
0.162925,-44.624039
0.162948,-47.029343
0.162971,-49.302406
0.162993,-51.441113
0.163016,-53.445641
0.163039,-55.318237
0.163061,-57.063126
0.163084,-58.686234
0.163107,-60.194935
0.163129,-61.597801
0.163152,-62.904312
0.163175,-64.124580
0.163197,-65.269051
0.163220,-66.348213
0.163243,-67.372452
0.163265,-68.351677
0.163288,-69.295288
0.163311,-70.211945
0.163333,-71.109467
0.163356,-71.994804
0.163379,-72.873962
0.163401,-73.752014
0.163424,-74.633194
0.163447,-75.520866
0.163469,-76.417717
0.163492,-77.325775
0.163515,-78.246536
0.163537,-79.181046
0.163560,-80.130089
0.163583,-81.094124
0.163605,-82.073402
0.163628,-83.068008
0.163651,-84.077858
0.163673,-85.102585
0.163696,-86.141548
0.163719,-87.193649
0.163741,-88.257263
0.163764,-89.330017
0.163787,-90.408600
0.163810,-91.488602
0.163832,-92.564255
0.163855,-93.628296
0.163878,-94.671730
0.163900,-95.683632
0.163923,-96.651115
0.163946,-97.559204
0.163968,-98.390778
0.163991,-99.126595
0.164014,-99.745491
0.164036,-100.224365
0.164059,-100.538574
0.164082,-100.662163
0.164104,-100.568253
0.164127,-100.229431
0.164150,-99.618340
0.164172,-98.708076
0.164195,-97.472885
0.164218,-95.888649
0.164240,-93.933548
0.164263,-91.588577
0.164286,-88.838150
0.164308,-85.670647
0.164331,-82.078796
0.164354,-78.060120
0.164376,-73.617287
0.164399,-68.758224
0.164422,-63.496334
0.164444,-57.850494
0.164467,-51.844929
0.164490,-45.509007
0.164512,-38.876953
0.164535,-31.987389
0.164558,-24.882843
0.164580,-17.609135
0.164603,-10.214695
0.164626,-2.749835
0.164649,4.734028
0.164671,12.185186
0.164694,19.552437
0.164717,26.785900
0.164739,33.837761
0.164762,40.663010
0.164785,47.220093
0.164807,53.471523
0.164830,59.384327
0.164853,64.930450
0.164875,70.087097
0.164898,74.836830
0.164921,79.167694
0.164943,83.073196
0.164966,86.552025
0.164989,89.608009
0.165011,92.249565
0.165034,94.489449
0.165057,96.344208
0.165079,97.833611
0.165102,98.980171
0.165125,99.808510
0.165147,100.344719
0.165170,100.615898
0.165193,100.649460
0.165215,100.472717
0.165238,100.112343
0.165261,99.593987
0.165283,98.941910
0.165306,98.178703
0.165329,97.325027
0.165351,96.399605
0.165374,95.418961
0.165397,94.397514
0.165420,93.347641
0.165442,92.279709
0.165465,91.202255
0.165488,90.122139
0.165510,89.044731
0.165533,87.974106
0.165556,86.913353
0.165578,85.864601
0.165601,84.829338
0.165624,83.808502
0.165646,82.802689
0.165669,81.812126
0.165692,80.836914
0.165714,79.876892
0.165737,78.931755
0.165760,78.000961
0.165782,77.083710
0.165805,76.178780
0.165828,75.284592
0.165850,74.398941
0.165873,73.518951
0.165896,72.641052
0.165918,71.760796
0.165941,70.872841
0.165964,69.970963
0.165986,69.047951
0.166009,68.095764
0.166032,67.105545
0.166054,66.067719
0.166077,64.972237
0.166100,63.808701
0.166122,62.566563
0.166145,61.235455
0.166168,59.805401
0.166190,58.267147
0.166213,56.612400
0.166236,54.834141
0.166258,52.926876
0.166281,50.886898
0.166304,48.712471
0.166327,46.404034
0.166349,43.964294
0.166372,41.398327
0.166395,38.713596
0.166417,35.919891
0.166440,33.029251
0.166463,30.055811
0.166485,27.015598
0.166508,23.926256
0.166531,20.806801
0.166553,17.677227
0.166576,14.558194
0.166599,11.470641
0.166621,8.435390
0.166644,5.472805
0.166667,2.602386
0.166689,-0.157544
0.166712,-2.790162
0.166735,-5.280410
0.166757,-7.615231
0.166780,-9.783724
0.166803,-11.777293
0.166825,-13.589684
0.166848,-15.217009
0.166871,-16.657692
0.166893,-17.912380
0.166916,-18.983780
0.166939,-19.876488
0.166961,-20.596762
0.166984,-21.152269
0.167007,-21.551825
0.167029,-21.805115
0.167052,-21.922415
0.167075,-21.914312
0.167098,-21.791483
0.167120,-21.564394
0.167143,-21.243170
0.167166,-20.837358
0.167188,-20.355814
0.167211,-19.806599
0.167234,-19.196913
0.167256,-18.533064
0.167279,-17.820471
0.167302,-17.063730
0.167324,-16.266642
0.167347,-15.432338
0.167370,-14.563375
0.167392,-13.661852
0.167415,-12.729539
0.167438,-11.768020
0.167460,-10.778769
0.167483,-9.763313
0.167506,-8.723273
0.167528,-7.660472
0.167551,-6.576984
0.167574,-5.475146
0.167596,-4.357589
0.167619,-3.227213
0.167642,-2.087160
0.167664,-0.940760
0.167687,0.208522
0.167710,1.357164
0.167732,2.501656
0.167755,3.638576
0.167778,4.764652
0.167800,5.876828
0.167823,6.972299
0.167846,8.048538
0.167868,9.103306
0.167891,10.134626
0.167914,11.140757
0.167937,12.120118
0.167959,13.071216
0.167982,13.992546
0.168005,14.882478
0.168027,15.739134
0.168050,16.560263
0.168073,17.343105
0.168095,18.084314
0.168118,18.779791
0.168141,19.424665
0.168163,20.013189
0.168186,20.538731
0.168209,20.993778
0.168231,21.369970
0.168254,21.658182
0.168277,21.848639
0.168299,21.931074
0.168322,21.894915
0.168345,21.729496
0.168367,21.424305
0.168390,20.969254
0.168413,20.354939
0.168435,19.572926
0.168458,18.616034
0.168481,17.478579
0.168503,16.156628
0.168526,14.648191
0.168549,12.953428
0.168571,11.074737
0.168594,9.016865
0.168617,6.786911
0.168639,4.394331
0.168662,1.850816
0.168685,-0.829828
0.168707,-3.631869
0.168730,-6.537910
0.168753,-9.529166
0.168776,-12.585774
0.168798,-15.687172
0.168821,-18.812441
0.168844,-21.940708
0.168866,-25.051506
0.168889,-28.125151
0.168912,-31.143108
0.168934,-34.088264
0.168957,-36.945267
0.168980,-39.700714
0.169002,-42.343365
0.169025,-44.864273
0.169048,-47.256847
0.169070,-49.516861
0.169093,-51.642448
0.169116,-53.633968
0.169138,-55.493908
0.169161,-57.226639
0.169184,-58.838245
0.169206,-60.336224
0.169229,-61.729267
0.169252,-63.026924
0.169274,-64.239326
0.169297,-65.376976
0.169320,-66.450340
0.169342,-67.469757
0.169365,-68.445107
0.169388,-69.385727
0.169410,-70.300179
0.169433,-71.196236
0.169456,-72.080727
0.169478,-72.959541
0.169501,-73.837738
0.169524,-74.719406
0.169546,-75.607880
0.169569,-76.505730
0.169592,-77.414963
0.169615,-78.337021
0.169637,-79.272934
0.169660,-80.223427
0.169683,-81.188927
0.169705,-82.169693
0.169728,-83.165817
0.169751,-84.177124
0.169773,-85.203285
0.169796,-86.243584
0.169819,-87.296883
0.169841,-88.361511
0.169864,-89.434990
0.169887,-90.513908
0.169909,-91.593781
0.169932,-92.668655
0.169955,-93.731102
0.169977,-94.771957
0.170000,-95.780136
0.170023,-96.742523
0.170045,-97.643951
0.170068,-98.467056
0.170091,-99.192459
0.170113,-99.798729
0.170136,-100.262657
0.170159,-100.559448
0.170181,-100.663017
0.170204,-100.546432
0.170227,-100.182274
0.170249,-99.543167
0.170272,-98.602341
0.170295,-97.334137
0.170317,-95.714668
0.170340,-93.722328
0.170363,-91.338455
0.170385,-88.547806
0.170408,-85.339172
0.170431,-81.705734
0.170454,-77.645508
0.170476,-73.161652
0.170499,-68.262619
0.170522,-62.962379
0.170544,-57.280319
0.170567,-51.241158
0.170590,-44.874790
0.170612,-38.215858
0.170635,-31.303402
0.170658,-24.180304
0.170680,-16.892653
0.170703,-9.489109
0.170726,-2.020124
0.170748,5.462823
0.170771,12.908038
0.170794,20.264412
0.170816,27.482227
0.170839,34.513920
0.170862,41.314789
0.170884,47.843655
0.170907,54.063438
0.170930,59.941639
0.170952,65.450714
0.170975,70.568352
0.170998,75.277687
0.171020,79.567284
0.171043,83.431145
0.171066,86.868515
0.171088,89.883629
0.171111,92.485397
0.171134,94.686943
0.171156,96.505173
0.171179,97.960098
0.171202,99.074539
0.171224,99.873207
0.171247,100.382393
0.171270,100.629181
0.171293,100.641052
0.171315,100.445236
0.171338,100.068352
0.171361,99.535912
0.171383,98.872025
0.171406,98.099129
